     1     1          -0.022080289791
     2     1          -0.281834827365
     3     1           0.320155470921
     4     1          -0.333378535961
     5     1          -0.367490901411
     6     1           0.038820736542
     7     1           0.710907844191
     8     1          -0.141378412038
     9     1           0.047076190988
    10     1          -0.342507938773
    11     1           0.347269278900
    12     1          -2.272117470327
     1     2           0.011597071778
     2     2          -0.077292682967
     3     2           0.018710514324
     4     2          -0.075777102194
     5     2          -0.024353205344
     6     2          -0.018893459008
     7     2           0.047741683930
     8     2           0.015812312584
     9     2          -0.024130824540
    10     2          -0.048374765613
    11     2           0.101529998727
    12     2          -0.354014534495
     1     3          -0.062830957863
     2     3           0.022782764227
     3     3           0.025228223901
     4     3          -0.055296834624
     5     3          -0.110002176844
     6     3          -0.012037249241
     7     3           0.089196345704
     8     3          -0.007520969620
     9     3           0.031010779099
    10     3          -0.020322433998
    11     3           0.054040032708
    12     3          -0.279801115984
     1     4          -0.211039810442
     2     4          -0.008738532085
     3     4           0.086864229148
     4     4           0.006577393252
     5     4          -0.044883552796
     6     4          -0.107613509713
     7     4           0.164322749916
     8     4           0.046616675363
     9     4           0.081471763640
    10     4          -0.002491323069
    11     4           0.065606400803
    12     4          -0.930615938340
     1     5          -0.105271876797
     2     5           0.038180215670
     3     5           0.015966663303
     4     5           0.028669869480
     5     5          -0.095082914506
     6     5          -0.000136360775
     7     5           0.025946732668
     8     5          -0.053272371366
     9     5          -0.018790060087
    10     5           0.058295022623
    11     5           0.066751787854
    12     5          -0.061437742688
     1     6           0.036911421918
     2     6           0.078914880515
     3     6          -0.009438789974
     4     6          -0.000396672389
     5     6          -0.049534295730
     6     6          -0.037907810928
     7     6           0.020146399294
     8     6          -0.007549418422
     9     6           0.041203039512
    10     6          -0.030672189719
    11     6          -0.025476206504
    12     6          -0.089163892423
     1     7           0.025121271850
     2     7          -0.013411839589
     3     7          -0.013369036200
     4     7          -0.056853258476
     5     7          -0.046775770107
     6     7          -0.056909147946
     7     7           0.008874477847
     8     7           0.021825360792
     9     7           0.076595488778
    10     7           0.028319827169
    11     7          -0.036859323908
    12     7          -0.120767988714
     1     8          -0.017268906005
     2     8           0.033864012204
     3     8          -0.030466180737
     4     8           0.114811347773
     5     8          -0.097316379542
     6     8          -0.079072698848
     7     8           0.080394422907
     8     8          -0.052169251016
     9     8           0.065789901833
    10     8          -0.079734190293
    11     8          -0.013758785781
    12     8          -0.659357412790
     1     9           0.044928644807
     2     9          -0.015711484864
     3     9          -0.045400401344
     4     9          -0.016845509222
     5     9          -0.038720495365
     6     9           0.013173759656
     7     9           0.045688132672
     8     9          -0.034598348757
     9     9          -0.049677204080
    10     9          -0.000736510913
    11     9           0.056549571984
    12     9          -0.393609334810
     1    10           0.007120607781
     2    10          -0.001403582690
     3    10           0.047903788626
     4    10          -0.101027945655
     5    10          -0.059367087633
     6    10           0.043468561913
     7    10           0.043933625041
     8    10           0.048665944724
     9    10          -0.052699541971
    10    10          -0.058169957564
    11    10           0.049682769329
    12    10          -0.395405009254
     1    11           0.023444202093
     2    11          -0.039368027352
     3    11           0.111496640075
     4    11          -0.153647247957
     5    11          -0.111513881270
     6    11          -0.018717498356
     7    11           0.118996981552
     8    11           0.019440419976
     9    11           0.002195005195
    10    11          -0.134153870012
    11    11           0.024974142826
    12    11          -0.629330728613
     1    12           0.057216902120
     2    12          -0.053141241745
     3    12           0.077697957431
     4    12          -0.082267175824
     5    12           0.002219059438
     6    12           0.022406603824
     7    12          -0.022967725956
     8    12           0.005127500926
     9    12          -0.003871348287
    10    12           0.023101424742
    11    12          -0.056949013374
    12    12           0.040538684344
